11249.0
10962.0
12326.0
11786.0
10676.0
11474.0
10437.0
12064.0
11351.0
11000.0
12695.0
11601.0
11833.0
11031.0
12126.0
10730.0
10627.0
11661.0
10509.0
13044.0
11709.0
10843.0
11264.0
11195.0
11601.0
10910.0
11846.0
12221.0
11852.0
11409.0
10270.0
11555.0
10817.0
11180.0
11691.0
9957.0
11797.0
10349.0
11780.0
11731.0
12839.0
13216.0
10138.0
11529.0
11776.0
11972.0
11299.0
11821.0
10899.0
11196.0
11438.0
10928.0
9945.0
10694.0
11342.0
11275.0
10634.0
10456.0
10849.0
11039.0
10462.0
12551.0
11032.0
11668.0
13262.0
10684.0
10764.0
11847.0
12255.0
11927.0
11125.0
11099.0
11670.0
11809.0
12731.0
10927.0
12381.0
12625.0
10950.0
11839.0
11946.0
11471.0
11193.0
11513.0
12069.0
11125.0
11297.0
11833.0
12047.0
11838.0
10372.0
11977.0
11816.0
11883.0
11734.0
11304.0
12007.0
11103.0
11258.0
10815.0
