2101.0
2083.0
2053.0
2092.0
2032.0
2165.0
2036.0
2024.0
2002.0
1985.0
1976.0
1950.0
2084.0
2080.0
2098.0
2054.0
1996.0
1888.0
2050.0
2051.0
2081.0
2063.0
2067.0
1989.0
2079.0
1949.0
2191.0
1983.0
2002.0
2066.0
2104.0
1876.0
2111.0
2012.0
2070.0
2044.0
2124.0
2180.0
2084.0
2013.0
2121.0
2033.0
2043.0
1951.0
2081.0
2017.0
1925.0
2075.0
1938.0
2010.0
1979.0
2132.0
2080.0
2120.0
2068.0
2108.0
2035.0
2144.0
2093.0
1984.0
2039.0
2130.0
2111.0
2117.0
1979.0
2087.0
2085.0
2082.0
2110.0
2157.0
2174.0
2033.0
2070.0
2034.0
2073.0
2021.0
2107.0
2071.0
2003.0
2103.0
1994.0
2096.0
2202.0
2042.0
2114.0
2139.0
2168.0
2044.0
2000.0
2157.0
1980.0
2008.0
2168.0
2047.0
2059.0
2047.0
2015.0
2141.0
2032.0
2007.0
