1396.0
1370.0
1401.0
1328.0
1320.0
1379.0
1303.0
1370.0
1409.0
1246.0
1329.0
1386.0
1312.0
1346.0
1355.0
1209.0
1446.0
1257.0
1254.0
1402.0
1271.0
1370.0
1420.0
1284.0
1378.0
1406.0
1445.0
1311.0
1408.0
1277.0
1395.0
1346.0
1248.0
1238.0
1319.0
1319.0
1205.0
1276.0
1387.0
1238.0
1289.0
1406.0
1243.0
1339.0
1332.0
1248.0
1358.0
1388.0
1366.0
1336.0
1381.0
1348.0
1330.0
1312.0
1415.0
1246.0
1257.0
1351.0
1333.0
1390.0
1405.0
1328.0
1258.0
1499.0
1359.0
1204.0
1437.0
1334.0
1405.0
1402.0
1389.0
1260.0
1341.0
1376.0
1349.0
1356.0
1346.0
1273.0
1305.0
1269.0
1362.0
1301.0
1362.0
1254.0
1328.0
1412.0
1380.0
1374.0
1327.0
1341.0
1272.0
1324.0
1358.0
1293.0
1253.0
1378.0
1298.0
1305.0
1264.0
1329.0
