15190.0
15704.0
16120.0
15295.0
15291.0
16287.0
16129.0
15114.0
15143.0
15620.0
15606.0
15430.0
16095.0
15458.0
16085.0
15406.0
15233.0
15524.0
15274.0
15578.0
15637.0
16211.0
15805.0
16100.0
15262.0
15753.0
16083.0
15390.0
15937.0
15431.0
16007.0
14824.0
15785.0
15011.0
16178.0
15746.0
15775.0
15218.0
15517.0
15656.0
16136.0
15413.0
15980.0
16445.0
15653.0
15090.0
16074.0
15747.0
15747.0
15915.0
16054.0
15720.0
16131.0
15071.0
15167.0
15164.0
16004.0
15112.0
15712.0
15251.0
15941.0
16333.0
15629.0
16251.0
14970.0
15889.0
15334.0
15723.0
15780.0
15244.0
15576.0
15923.0
15168.0
15970.0
15622.0
15370.0
15783.0
16033.0
15385.0
15559.0
15669.0
16032.0
15685.0
15703.0
15329.0
15372.0
15628.0
15650.0
15830.0
15849.0
14865.0
15489.0
15619.0
15287.0
15619.0
14958.0
15706.0
16178.0
16640.0
16254.0
