6077.0
7788.0
4273.0
7716.0
7144.0
4575.0
4394.0
7999.0
8210.0
8138.0
8710.0
4536.0
4957.0
6251.0
4773.0
7354.0
4385.0
7861.0
7967.0
7397.0
8523.0
7958.0
5164.0
7090.0
8284.0
5872.0
5352.0
6313.0
5639.0
6936.0
4572.0
4807.0
4742.0
5001.0
4868.0
7734.0
8123.0
7055.0
8467.0
6068.0
8129.0
7453.0
7384.0
8354.0
4335.0
4567.0
8302.0
8399.0
6870.0
4730.0
8377.0
7088.0
8568.0
7751.0
8383.0
8054.0
8401.0
8682.0
6786.0
8339.0
7954.0
4481.0
8115.0
4582.0
9100.0
7358.0
8156.0
7313.0
7854.0
7050.0
4437.0
7133.0
6821.0
8641.0
5942.0
7954.0
4299.0
8199.0
4344.0
4374.0
7374.0
4381.0
8726.0
8509.0
8467.0
7975.0
4778.0
7622.0
4121.0
7285.0
7948.0
4687.0
7879.0
4901.0
8321.0
4292.0
7645.0
7269.0
7067.0
8075.0
