8645.0
8375.0
8795.0
8260.0
8214.0
8747.0
8448.0
8356.0
8882.0
8661.0
8342.0
8618.0
8276.0
8420.0
8554.0
8195.0
8696.0
9035.0
8347.0
8548.0
8494.0
8514.0
8288.0
8650.0
8347.0
8190.0
8002.0
8577.0
8639.0
8409.0
8554.0
8818.0
8567.0
8485.0
8600.0
8929.0
8518.0
8537.0
8449.0
8560.0
8715.0
8861.0
8690.0
8631.0
8328.0
8111.0
8309.0
8699.0
9052.0
8591.0
8539.0
8964.0
8356.0
8756.0
8955.0
8491.0
8699.0
8421.0
8587.0
8984.0
8363.0
9459.0
8161.0
8730.0
8982.0
8252.0
8508.0
8522.0
8187.0
8495.0
8660.0
8214.0
9015.0
8421.0
8739.0
8416.0
8357.0
9023.0
8451.0
8807.0
8803.0
8861.0
8295.0
8521.0
8943.0
8545.0
8505.0
7763.0
8395.0
8424.0
8495.0
8855.0
9186.0
8394.0
8618.0
8974.0
8826.0
8372.0
8137.0
8427.0
