2582.0
2643.0
2588.0
2558.0
2531.0
2631.0
2586.0
2537.0
2613.0
2634.0
2495.0
2615.0
2570.0
2495.0
2554.0
2515.0
2525.0
2554.0
2546.0
2575.0
2560.0
2522.0
2578.0
2586.0
2531.0
2539.0
2520.0
2526.0
2582.0
2599.0
2581.0
2527.0
2650.0
2603.0
2597.0
2545.0
2504.0
2481.0
2563.0
2550.0
2622.0
2655.0
2531.0
2568.0
2552.0
2592.0
2625.0
2622.0
2496.0
2603.0
2638.0
2591.0
2609.0
2518.0
2518.0
2564.0
2708.0
2638.0
2750.0
2640.0
2537.0
2493.0
2701.0
2611.0
2558.0
2516.0
2559.0
2536.0
2583.0
2586.0
2592.0
2525.0
2608.0
2600.0
2574.0
2573.0
2562.0
2627.0
2535.0
2565.0
2538.0
2532.0
2573.0
2601.0
2616.0
2545.0
2571.0
2570.0
2616.0
2511.0
2570.0
2506.0
2569.0
2608.0
2514.0
2573.0
2553.0
2540.0
2598.0
2561.0
