7981.0
7588.0
7819.0
7801.0
7849.0
7987.0
7937.0
7724.0
7650.0
7696.0
7906.0
7770.0
8363.0
7682.0
7777.0
7581.0
8168.0
8339.0
7791.0
7526.0
7783.0
7821.0
7581.0
8162.0
7867.0
7526.0
8217.0
7913.0
7526.0
7526.0
7964.0
8574.0
8158.0
7919.0
8483.0
7734.0
7844.0
7959.0
8305.0
8012.0
7802.0
7873.0
7768.0
7910.0
8093.0
8002.0
7902.0
7820.0
7581.0
7651.0
8006.0
7816.0
7644.0
7892.0
7526.0
7969.0
7883.0
7581.0
8248.0
7783.0
7785.0
7824.0
7526.0
8201.0
7983.0
8192.0
7782.0
7676.0
7777.0
7791.0
8064.0
7968.0
8062.0
8040.0
7819.0
7667.0
7982.0
8228.0
8170.0
7588.0
7526.0
7758.0
7730.0
7980.0
7830.0
8119.0
7727.0
8023.0
7816.0
8051.0
7961.0
7824.0
8023.0
8062.0
7869.0
7526.0
7957.0
7717.0
8058.0
7526.0
