8185.0
7798.0
7526.0
8165.0
7526.0
7526.0
7845.0
7951.0
8014.0
8275.0
7526.0
7526.0
7989.0
7526.0
8091.0
7852.0
7526.0
7526.0
7866.0
7526.0
7714.0
7526.0
7764.0
7526.0
7727.0
7526.0
7526.0
7696.0
7727.0
7696.0
7526.0
7943.0
8251.0
8012.0
7747.0
8307.0
7842.0
8208.0
7939.0
7943.0
8100.0
7777.0
7696.0
7728.0
7747.0
8121.0
7798.0
7696.0
7526.0
7714.0
8072.0
7935.0
7526.0
7696.0
7526.0
7724.0
7764.0
7737.0
7770.0
7770.0
7982.0
7526.0
7696.0
7696.0
7989.0
8012.0
8220.0
8222.0
7526.0
8152.0
7730.0
7967.0
7714.0
7849.0
7867.0
7526.0
7526.0
7526.0
7962.0
8009.0
7526.0
7526.0
7987.0
7880.0
7727.0
7727.0
7692.0
7526.0
7692.0
7696.0
7816.0
8104.0
7696.0
8016.0
7526.0
7880.0
7968.0
7886.0
8054.0
7526.0
