2768.0
2726.0
2594.0
2624.0
2706.0
2656.0
2705.0
2723.0
2730.0
2646.0
2749.0
2700.0
2671.0
2843.0
2852.0
2625.0
2728.0
2707.0
2979.0
2613.0
2742.0
2722.0
2631.0
2802.0
2691.0
2752.0
2837.0
2826.0
2719.0
2655.0
2826.0
2639.0
2666.0
2697.0
2595.0
2762.0
2643.0
2930.0
2678.0
2797.0
2697.0
2656.0
2768.0
2658.0
2767.0
2685.0
2976.0
2865.0
2828.0
2751.0
2883.0
2825.0
2758.0
2717.0
2716.0
2822.0
2797.0
2699.0
2806.0
2600.0
2865.0
2651.0
2680.0
2805.0
2844.0
2697.0
2662.0
2765.0
2773.0
2721.0
2655.0
2666.0
2604.0
2732.0
2667.0
2735.0
2668.0
2720.0
2827.0
2608.0
2738.0
2772.0
2707.0
2745.0
2786.0
2738.0
2754.0
2737.0
2794.0
2667.0
2789.0
2924.0
2678.0
2669.0
2859.0
2634.0
2687.0
2638.0
2750.0
2701.0
