2613.0
2528.0
2715.0
2726.0
2553.0
2496.0
2600.0
2656.0
2643.0
2573.0
2669.0
2612.0
2593.0
2695.0
2598.0
2628.0
2771.0
2643.0
2516.0
2619.0
2587.0
2544.0
2621.0
2657.0
2755.0
2736.0
2654.0
2690.0
2693.0
2616.0
2614.0
2612.0
2512.0
2652.0
2656.0
2572.0
2657.0
2819.0
2563.0
2623.0
2733.0
2808.0
2493.0
2786.0
2590.0
2571.0
2564.0
2585.0
2580.0
2677.0
2687.0
2551.0
2611.0
2685.0
2616.0
2670.0
2516.0
2587.0
2519.0
2563.0
2569.0
2757.0
2595.0
2734.0
2566.0
2659.0
2762.0
2606.0
2715.0
2596.0
2861.0
2765.0
2625.0
2591.0
2613.0
2545.0
2676.0
2540.0
2629.0
2687.0
2636.0
2651.0
2585.0
2628.0
2594.0
2536.0
2678.0
2733.0
2626.0
2660.0
2523.0
2553.0
2671.0
2672.0
2782.0
2543.0
2724.0
2728.0
2534.0
2728.0
581.0
640.0
586.0
736.0
722.0
604.0
565.0
683.0
1375.0
1389.0
1891.0
1340.0
653.0
611.0
621.0
610.0
610.0
577.0
589.0
589.0
601.0
669.0
1404.0
581.0
553.0
661.0
570.0
589.0
725.0
863.0
840.0
768.0
805.0
755.0
922.0
897.0
736.0
815.0
557.0
588.0
567.0
669.0
558.0
561.0
554.0
555.0
553.0
557.0
1351.0
541.0
556.0
545.0
636.0
562.0
567.0
570.0
555.0
572.0
638.0
570.0
3783.0
3829.0
7953.0
8233.0
7993.0
7689.0
8316.0
7526.0
8015.0
7956.0
8115.0
8215.0
7526.0
7854.0
7994.0
8090.0
7531.0
7754.0
7526.0
7867.0
7759.0
8000.0
7696.0
7987.0
7668.0
7526.0
7982.0
7526.0
8308.0
7526.0
7526.0
7526.0
7798.0
8000.0
7937.0
7696.0
7961.0
7851.0
7968.0
19537.0
3380.0
24.0
24.0
24.0
24.0
24.0
24.0
24.0
24.0
24.0
24.0
24.0
24.0
24.0
24.0
8387.0
8387.0
8387.0
8387.0
8387.0
8387.0
8387.0
8387.0
8387.0
74077.0
43053.0
47228.0
44960.0
48012.0
38745.0
44733.0
56345.0
39039.0
42917.0
37478.0
41430.0
58751.0
44241.0
44763.0
52496.0
38757.0
47319.0
59083.0
64066.0
38361.0
53661.0
39917.0
55331.0
42528.0
42891.0
49358.0
57325.0
45498.0
44651.0
38658.0
53630.0
51513.0
48262.0
48506.0
40057.0
42526.0
38755.0
42353.0
62216.0
61348.0
51812.0
35602.0
45223.0
48036.0
37210.0
48578.0
42235.0
54000.0
49954.0
50711.0
38762.0
41822.0
44531.0
48013.0
39314.0
44637.0
44814.0
33527.0
60673.0
49227.0
45042.0
52289.0
41933.0
40195.0
57930.0
45555.0
51406.0
34255.0
43924.0
45311.0
49122.0
46013.0
39949.0
52748.0
52702.0
49741.0
48938.0
59053.0
39293.0
38513.0
43623.0
39441.0
50369.0
36751.0
37153.0
43983.0
40803.0
55716.0
50459.0
41400.0
50355.0
12348.0
12348.0
12348.0
12348.0
12348.0
12348.0
12348.0
12348.0
12348.0
12348.0
12348.0
12348.0
12348.0
12348.0
12348.0
12348.0
12348.0
12348.0
12348.0
12348.0
12348.0
12348.0
12348.0
12348.0
12348.0
12348.0
12348.0
12348.0
12348.0
12348.0
12348.0
12348.0
12348.0
12348.0
12348.0
12348.0
12348.0
12348.0
12348.0
12348.0
12348.0
12348.0
12348.0
12348.0
12348.0
12348.0
12348.0
12348.0
12348.0
12348.0
12348.0
12348.0
12348.0
12348.0
12348.0
12348.0
12348.0
12348.0
12348.0
12348.0
12348.0
12348.0
12348.0
12348.0
12348.0
12519.0
12348.0
12348.0
12348.0
12348.0
12348.0
12348.0
12348.0
12348.0
12348.0
12348.0
12348.0
12348.0
12348.0
12348.0
12348.0
12348.0
12348.0
12348.0
12348.0
12348.0
12348.0
12348.0
12348.0
12348.0
12348.0
12348.0
12348.0
12348.0
12348.0
12348.0
12348.0
12348.0
12348.0
12348.0
15.0
15.0
15.0
15.0
15.0
15.0
15.0
15.0
15.0
15.0
15.0
15.0
15.0
15.0
15.0
15.0
15.0
15.0
15.0
15.0
15.0
15.0
15.0
15.0
15.0
15.0
15.0
15.0
15.0
15.0
15.0
15.0
15.0
15.0
15.0
15.0
15.0
15.0
15.0
15.0
15.0
15.0
15.0
15.0
15.0
15.0
15.0
15.0
15.0
15.0
15.0
15.0
15.0
15.0
15.0
15.0
15.0
15.0
15.0
15.0
15.0
15.0
15.0
15.0
15.0
15.0
15.0
15.0
15.0
15.0
15.0
15.0
15.0
15.0
15.0
15.0
15.0
15.0
15.0
15.0
15.0
15.0
15.0
15.0
15.0
15.0
15.0
15.0
15.0
15.0
15.0
15.0
15.0
15.0
15.0
15.0
15.0
15.0
15.0
15.0
15.0
15.0
15.0
15.0
15.0
15.0
15.0
15.0
15.0
15.0
15.0
15.0
15.0
15.0
15.0
15.0
15.0
15.0
15.0
15.0
15.0
15.0
15.0
15.0
15.0
15.0
15.0
15.0
15.0
15.0
15.0
15.0
15.0
15.0
15.0
15.0
15.0
15.0
15.0
15.0
15.0
15.0
15.0
15.0
15.0
15.0
15.0
15.0
15.0
15.0
15.0
15.0
15.0
15.0
15.0
15.0
15.0
15.0
15.0
15.0
15.0
15.0
15.0
15.0
15.0
15.0
15.0
15.0
15.0
15.0
15.0
15.0
15.0
15.0
15.0
15.0
15.0
15.0
15.0
15.0
15.0
15.0
15.0
15.0
15.0
15.0
15.0
15.0
15.0
15.0
15.0
15.0
15.0
15.0
15.0
15.0
15.0
15.0
15.0
15.0
15.0
15.0
15.0
15.0
15.0
15.0
15.0
15.0
15.0
15.0
15.0
15.0
15.0
15.0
15.0
15.0
15.0
15.0
15.0
15.0
15.0
15.0
15.0
15.0
15.0
15.0
15.0
15.0
15.0
15.0
15.0
15.0
15.0
15.0
15.0
15.0
15.0
15.0
15.0
15.0
15.0
15.0
15.0
15.0
15.0
15.0
15.0
15.0
15.0
15.0
15.0
15.0
15.0
15.0
15.0
15.0
15.0
15.0
15.0
15.0
15.0
15.0
15.0
15.0
15.0
15.0
15.0
15.0
15.0
15.0
15.0
15.0
15.0
15.0
15.0
16.0
15.0
15.0
15.0
15.0
15.0
15.0
15.0
15.0
15.0
15.0
15.0
15.0
15.0
15.0
15.0
15.0
15.0
15.0
15.0
15.0
15.0
15.0
15.0
15.0
15.0
15.0
15.0
15.0
15.0
15.0
15.0
15.0
15.0
15.0
15.0
15.0
15.0
15.0
15.0
15.0
15.0
15.0
15.0
15.0
15.0
15.0
15.0
15.0
15.0
15.0
15.0
15.0
15.0
15.0
15.0
15.0
15.0
15.0
15.0
15.0
15.0
15.0
15.0
15.0
15.0
15.0
15.0
15.0
15.0
15.0
15.0
15.0
15.0
15.0
15.0
15.0
15.0
15.0
15.0
15.0
15.0
15.0
15.0
15.0
15.0
15.0
15.0
15.0
15.0
15.0
15.0
15.0
15.0
15.0
15.0
15.0
15.0
15.0
15.0
15.0
15.0
15.0
15.0
15.0
15.0
15.0
15.0
15.0
15.0
15.0
15.0
15.0
15.0
15.0
15.0
15.0
15.0
15.0
15.0
15.0
15.0
15.0
15.0
15.0
15.0
15.0
15.0
15.0
15.0
15.0
15.0
15.0
15.0
15.0
15.0
15.0
15.0
15.0
15.0
15.0
15.0
15.0
15.0
15.0
15.0
15.0
15.0
15.0
15.0
15.0
15.0
15.0
15.0
15.0
15.0
15.0
15.0
15.0
15.0
15.0
15.0
15.0
15.0
15.0
15.0
15.0
15.0
15.0
15.0
15.0
14571.0
19925.0
16267.0
16753.0
19420.0
19942.0
17790.0
17144.0
13723.0
17857.0
16996.0
17198.0
18437.0
14278.0
21739.0
18027.0
13645.0
20136.0
16379.0
20209.0
17877.0
18322.0
22249.0
15875.0
13348.0
16839.0
19640.0
17376.0
19005.0
14592.0
21173.0
17102.0
17085.0
16019.0
14025.0
14814.0
15556.0
15744.0
17050.0
18150.0
17005.0
13814.0
17965.0
22669.0
14793.0
19949.0
17241.0
18149.0
13543.0
19001.0
20134.0
16739.0
30106.0
7805.0
7973.0
8052.0
7526.0
7696.0
7798.0
7526.0
7526.0
7960.0
7668.0
7526.0
8117.0
7953.0
7526.0
7526.0
8314.0
8625.0
8427.0
8504.0
8058.0
8091.0
11077.0
11595.0
8655.0
8321.0
8845.0
8429.0
7737.0
7798.0
8102.0
7526.0
7951.0
8085.0
8290.0
7696.0
8286.0
7974.0
7526.0
7974.0
7995.0
7526.0
7526.0
7972.0
7840.0
7526.0
7526.0
7770.0
7696.0
7727.0
7696.0
7849.0
7644.0
8114.0
7935.0
8298.0
8706.0
8369.0
8502.0
9057.0
9949.0
7759.0
21873.0
21027.0
19981.0
20648.0
20221.0
21231.0
20956.0
20850.0
20059.0
20124.0
20104.0
21039.0
22107.0
19909.0
20424.0
22131.0
21678.0
19973.0
20488.0
20063.0
19762.0
21441.0
19223.0
20741.0
19504.0
19639.0
20720.0
18653.0
19974.0
19752.0
21567.0
19866.0
20114.0
20837.0
21180.0
20911.0
20885.0
20294.0
19799.0
17910.0
21000.0
21678.0
19871.0
20868.0
21141.0
21094.0
20881.0
19776.0
20009.0
19590.0
21058.0
21325.0
20869.0
20081.0
17568.0
19740.0
21639.0
19681.0
20790.0
19653.0
19522.0
18988.0
21060.0
20167.0
21159.0
20064.0
19789.0
18373.0
8041.0
7957.0
8436.0
8103.0
8056.0
8327.0
8039.0
7655.0
7745.0
8079.0
7526.0
8183.0
7999.0
8131.0
7956.0
8590.0
7876.0
7888.0
8033.0
8016.0
7655.0
8160.0
10597.0
9608.0
11392.0
9702.0
10758.0
10804.0
11273.0
11186.0
11206.0
10900.0
10835.0
12489.0
9372.0
9989.0
10456.0
9646.0
9085.0
10926.0
10078.0
11187.0
10227.0
10122.0
11026.0
9152.0
11043.0
10398.0
8921.0
8123.0
8347.0
8386.0
8556.0
8095.0
8117.0
7526.0
7759.0
7950.0
8240.0
7526.0
7526.0
7526.0
7727.0
7973.0
7526.0
7759.0
7987.0
7526.0
7526.0
7662.0
7759.0
7747.0
