2355.0
2481.0
2333.0
2506.0
2167.0
2397.0
2463.0
2349.0
2767.0
2577.0
2180.0
2163.0
2380.0
2490.0
2158.0
2437.0
2148.0
2333.0
2258.0
2230.0
2451.0
2436.0
2196.0
2341.0
2541.0
2176.0
2360.0
2424.0
2315.0
2360.0
2426.0
2466.0
2139.0
2397.0
2240.0
2457.0
2251.0
2494.0
2320.0
2455.0
2496.0
2502.0
2185.0
2239.0
2342.0
2302.0
2490.0
2452.0
2220.0
2282.0
2497.0
2323.0
2526.0
2598.0
2321.0
2520.0
2325.0
2183.0
2132.0
2382.0
2229.0
2412.0
2255.0
2484.0
2403.0
2452.0
2419.0
2376.0
2144.0
2555.0
2302.0
2566.0
2225.0
2601.0
2531.0
2416.0
2292.0
2327.0
2401.0
2461.0
2131.0
2423.0
2655.0
2495.0
2529.0
2522.0
2225.0
2477.0
2520.0
2440.0
2447.0
2538.0
2330.0
2426.0
2431.0
2456.0
2450.0
2212.0
2115.0
2143.0
